0.0                       0.0                       0.0                       
1.0                       0.0                       0.0                       
-1.0                      0.0                       0.0                       
0.0                       1.0                       0.0                       
0.0                       -1.0                      0.0                       
0.0                       0.0                       1.0                       
0.0                       0.0                       -1.0                      
0.923879532512            0.382683432364            0.0                       
0.707106781188            0.707106781185            0.0                       
0.382683432366            0.923879532511            0.0                       
-0.382683432364           0.923879532512            0.0                       
-0.707106781185           0.707106781188            0.0                       
-0.923879532511           0.382683432366            0.0                       
-0.923879532512           -0.382683432364           0.0                       
-0.707106781188           -0.707106781185           0.0                       
-0.382683432366           -0.923879532511           0.0                       
0.382683432364            -0.923879532512           0.0                       
0.707106781185            -0.707106781188           0.0                       
0.923879532511            -0.382683432366           0.0                       
0.923879532512            0.0                       0.382683432364            
0.707106781188            0.0                       0.707106781185            
0.382683432366            0.0                       0.923879532511            
-0.382683432364           0.0                       0.923879532512            
-0.707106781185           0.0                       0.707106781188            
-0.923879532511           0.0                       0.382683432366            
-0.923879532512           0.0                       -0.382683432364           
-0.707106781188           0.0                       -0.707106781185           
-0.382683432366           0.0                       -0.923879532511           
0.382683432364            0.0                       -0.923879532512           
0.707106781185            0.0                       -0.707106781188           
0.923879532511            0.0                       -0.382683432366           
0.0                       0.923879532512            0.382683432364            
0.0                       0.707106781188            0.707106781185            
0.0                       0.382683432366            0.923879532511            
0.0                       -0.382683432364           0.923879532512            
0.0                       -0.707106781185           0.707106781188            
0.0                       -0.923879532511           0.382683432366            
0.0                       -0.923879532512           -0.382683432364           
0.0                       -0.707106781188           -0.707106781185           
0.0                       -0.382683432366           -0.923879532511           
0.0                       0.382683432364            -0.923879532512           
0.0                       0.707106781185            -0.707106781188           
0.0                       0.923879532511            -0.382683432366           
0.581642715197            0.368486664239            0.725196063238            
0.3041928065              0.821661509248            0.482015664366            
0.815692237625            0.318726990198            0.482762135216            
0.617116250152            0.646466738085            0.448607055615            
0.802260183772            0.543753953647            0.246394471179            
0.534956360396            0.808018017215            0.246837145354            
0.311384954436            0.561010286999            0.767011647911            
0.936957333076            0.260680855178            0.232715379248            
0.255841011806            0.93829450164             0.232698957605            
0.359111988433            0.237085785498            0.902678741347            
-0.524572832378           0.330095248572            0.784767781195            
-0.80556662793            0.328995944668            0.492771829914            
-0.239699132733           0.271241480938            0.932186882973            
-0.586513937603           0.701116680979            0.405508077171            
-0.836050931188           0.491062524714            0.244696622948            
-0.288203947586           0.616943421714            0.732338240842            
-0.939374750644           0.250713487183            0.233918415685            
-0.229329616636           0.884876694774            0.405464131558            
-0.784767781195           -0.524572832378           0.330095248572            
-0.492771829914           -0.80556662793            0.328995944668            
-0.932186882973           -0.239699132733           0.271241480938            
-0.405508077171           -0.586513937603           0.701116680979            
-0.244696622948           -0.836050931188           0.491062524714            
-0.732338240842           -0.288203947586           0.616943421714            
-0.233918415685           -0.939374750644           0.250713487183            
-0.405464131558           -0.229329616636           0.884876694774            
0.829001596564            -0.493772031917           0.262574814845            
0.247845358081            -0.800400425686           0.545831326546            
0.581704065444            -0.648265995609           0.49129581637             
0.816301418174            -0.278692538208           0.505947095885            
0.546507102781            -0.316625593693           0.77529234488             
0.940002348281            -0.24157178853            0.2409121338              
0.29980511813             -0.550672836687           0.779022668527            
0.257425306535            -0.261781682345           0.930162653703            
0.350066414502            -0.900726604422           0.257186876655            
0.784767781195            0.524572832378            -0.330095248572           
0.492771829914            0.80556662793             -0.328995944668           
0.932186882973            0.239699132733            -0.271241480938           
0.405508077171            0.586513937603            -0.701116680979           
0.244696622948            0.836050931188            -0.491062524714           
0.732338240842            0.288203947586            -0.616943421714           
0.233918415685            0.939374750644            -0.250713487183           
0.405464131558            0.229329616636            -0.884876694774           
-0.829001596564           0.493772031917            -0.262574814845           
-0.247845358081           0.800400425686            -0.545831326546           
-0.581704065444           0.648265995609            -0.49129581637            
-0.816301418174           0.278692538208            -0.505947095885           
-0.546507102781           0.316625593693            -0.77529234488            
-0.940002348281           0.24157178853             -0.2409121338             
-0.29980511813            0.550672836687            -0.779022668527           
-0.257425306535           0.261781682345            -0.930162653703           
-0.350066414502           0.900726604422            -0.257186876655           
-0.581642715197           -0.368486664239           -0.725196063238           
-0.3041928065             -0.821661509248           -0.482015664366           
-0.815692237625           -0.318726990198           -0.482762135216           
-0.617116250152           -0.646466738085           -0.448607055615           
-0.802260183772           -0.543753953647           -0.246394471179           
-0.534956360396           -0.808018017215           -0.246837145354           
-0.311384954436           -0.561010286999           -0.767011647911           
-0.936957333076           -0.260680855178           -0.232715379248           
-0.255841011806           -0.93829450164            -0.232698957605           
-0.359111988433           -0.237085785498           -0.902678741347           
0.524572832378            -0.784767781195           -0.330095248571           
0.80556662793             -0.492771829915           -0.328995944667           
0.239699132732            -0.932186882973           -0.271241480937           
0.586513937603            -0.405508077171           -0.701116680979           
0.836050931188            -0.244696622948           -0.491062524713           
0.288203947586            -0.732338240843           -0.616943421713           
0.939374750644            -0.233918415685           -0.250713487183           
0.229329616636            -0.40546413156            -0.884876694773           
7.77156117238e-16         1.66533453694e-16         -8.32667268469e-17        
-0.0792027459284          -0.460642298477           0.19447408049             
-0.460642298477           0.19447408049             0.0792027459284           
0.0792027459284           0.460642298477            -0.19447408049            
0.460262711355            -0.195390484869           0.0836451916755           
0.369846589753            0.291407978236            0.181954434417            
0.149061589989            -0.107002446524           0.466172762701            
-0.409147122557           -0.259942937338           -0.123430344123           
0.0446519632554           -0.410908340669           -0.296198440518           
0.371058255215            0.0725090256698           -0.336048525971           
-0.109106744857           0.0939085293272           -0.4809154917             
-0.0828816297361          0.312918112757            0.367525620913            
-0.328914753668           -0.117656940207           0.419723672159            
-0.492714427574           0.0946155905575           -0.32239768823            
0.268258374109            -0.53974214697            0.0106738106549           
-0.269923640978           -0.27051504916            -0.496826698924           
0.114529672764            0.582704456255            0.171586964312            
0.250174574229            -0.460823289546           0.379870170458            
0.43943548391             -0.324148160639           -0.298946755155           
-0.33589967432            0.46321454286             -0.212077821642           
0.631694321275            0.125700804189            -0.0526624575289          
-0.231304015786           -0.585591388583           -0.12007208609            
