40                        122                       124                       129                       
36                        120                       115                       126                       
113                       122                       123                       124                       
64                        121                       116                       126                       
63                        121                       115                       135                       
21                        119                       118                       120                       
64                        3                         116                       121                       
56                        125                       120                       126                       
53                        119                       120                       125                       
36                        115                       120                       131                       
117                       119                       9                         130                       
21                        20                        118                       119                       
113                       123                       122                       132                       
11                        130                       125                       133                       
10                        117                       9                         130                       
15                        121                       63                        135                       
44                        53                        119                       120                       
82                        123                       117                       124                       
40                        122                       113                       124                       
79                        119                       117                       134                       
57                        125                       116                       133                       
44                        119                       21                        120                       
116                       121                       3                         127                       
20                        118                       119                       134                       
42                        124                       117                       133                       
114                       125                       117                       133                       
114                       116                       125                       133                       
115                       118                       114                       120                       
9                         117                       79                        119                       
115                       121                       62                        126                       
73                        120                       118                       131                       
119                       123                       117                       134                       
64                        14                        3                         121                       
79                        117                       123                       134                       
113                       123                       29                        124                       
3                         121                       103                       127                       
42                        82                        117                       124                       
53                        50                        119                       125                       
56                        120                       6                         126                       
64                        116                       25                        126                       
61                        125                       11                        130                       
36                        35                        120                       126                       
73                        21                        118                       120                       
118                       120                       115                       131                       
9                         10                        80                        117                       
44                        53                        50                        119                       
114                       118                       115                       128                       
3                         14                        103                       121                       
56                        6                         120                       125                       
93                        124                       42                        133                       
62                        115                       63                        121                       
9                         119                       79                        134                       
114                       123                       122                       124                       
21                        46                        20                        119                       
54                        116                       125                       126                       
20                        119                       51                        134                       
115                       114                       121                       126                       
116                       121                       114                       126                       
53                        120                       34                        125                       
9                         80                        79                        117                       
80                        117                       82                        123                       
125                       130                       117                       133                       
80                        79                        117                       123                       
65                        36                        115                       126                       
88                        42                        117                       133                       
114                       121                       124                       129                       
34                        120                       6                         125                       
23                        56                        6                         126                       
119                       125                       50                        130                       
64                        3                         25                        116                       
20                        46                        51                        119                       
118                       119                       114                       120                       
114                       117                       119                       123                       
114                       119                       118                       123                       
114                       122                       118                       128                       
70                        118                       128                       131                       
82                        86                        123                       124                       
73                        74                        120                       131                       
62                        121                       64                        126                       
117                       124                       114                       133                       
55                        116                       57                        125                       
92                        116                       3                         127                       
57                        11                        125                       133                       
73                        21                        20                        118                       
40                        113                       7                         124                       
114                       119                       117                       130                       
114                       117                       125                       130                       
114                       124                       121                       127                       
124                       127                       114                       133                       
116                       114                       127                       133                       
55                        54                        116                       125                       
117                       130                       4                         133                       
115                       121                       114                       122                       
117                       123                       114                       124                       
114                       122                       121                       129                       
114                       124                       122                       129                       
62                        63                        115                       126                       
55                        25                        116                       126                       
118                       122                       114                       132                       
55                        116                       54                        126                       
114                       115                       120                       126                       
49                        9                         119                       130                       
118                       115                       128                       131                       
114                       121                       116                       127                       
44                        46                        21                        119                       
56                        34                        6                         125                       
88                        93                        42                        133                       
45                        119                       50                        130                       
26                        3                         103                       127                       
15                        62                        63                        121                       
118                       114                       123                       132                       
114                       115                       122                       128                       
29                        123                       113                       132                       
49                        10                        9                         130                       
87                        116                       92                        127                       
36                        120                       35                        131                       
44                        21                        53                        120                       
114                       125                       119                       130                       
124                       127                       28                        129                       
114                       120                       119                       125                       
122                       123                       114                       132                       
65                        115                       63                        126                       
60                        25                        3                         116                       
118                       123                       119                       134                       
70                        73                        118                       131                       
114                       125                       116                       126                       
61                        57                        11                        125                       
108                       128                       122                       135                       
42                        41                        82                        124                       
91                        127                       124                       133                       
87                        13                        92                        116                       
114                       120                       125                       126                       
112                       132                       118                       134                       
73                        74                        21                        120                       
121                       122                       115                       135                       
92                        13                        3                         116                       
93                        91                        124                       133                       
21                        22                        53                        120                       
75                        118                       20                        134                       
113                       29                        7                         124                       
40                        124                       7                         129                       
112                       118                       19                        134                       
53                        34                        50                        125                       
6                         120                       35                        126                       
37                        128                       115                       131                       
103                       121                       98                        127                       
62                        14                        64                        121                       
85                        117                       10                        130                       
26                        92                        3                         127                       
55                        24                        25                        126                       
86                        29                        123                       124                       
118                       128                       122                       132                       
33                        50                        125                       130                       
112                       31                        132                       134                       
112                       19                        118                       132                       
39                        122                       40                        129                       
53                        6                         34                        120                       
65                        35                        36                        126                       
108                       122                       38                        135                       
54                        125                       56                        126                       
91                        28                        124                       127                       
98                        127                       121                       129                       
82                        41                        86                        124                       
10                        85                        80                        117                       
112                       31                        110                       132                       
5                         128                       108                       135                       
48                        119                       9                         134                       
2                         19                        75                        118                       
5                         115                       37                        128                       
57                        116                       12                        133                       
13                        60                        3                         116                       
50                        45                        47                        119                       
88                        117                       43                        133                       
116                       127                       87                        133                       
109                       123                       29                        132                       
2                         118                       75                        134                       
5                         115                       128                       135                       
63                        115                       68                        135                       
80                        82                        79                        123                       
33                        45                        50                        130                       
97                        122                       129                       135                       
23                        6                         69                        126                       
2                         112                       19                        134                       
75                        73                        20                        118                       
123                       132                       31                        134                       
31                        123                       110                       132                       
15                        101                       121                       135                       
88                        42                        43                        117                       
47                        119                       45                        130                       
48                        9                         8                         134                       
2                         19                        118                       134                       
55                        25                        60                        116                       
121                       127                       124                       129                       
11                        4                         130                       133                       
68                        115                       5                         135                       
95                        117                       4                         133                       
70                        128                       72                        131                       
44                        50                        47                        119                       
15                        101                       100                       121                       
28                        127                       27                        129                       
97                        122                       39                        129                       
54                        56                        23                        126                       
93                        41                        42                        124                       
55                        57                        54                        125                       
51                        119                       48                        134                       
103                       98                        26                        127                       
70                        118                       18                        128                       
67                        64                        25                        126                       
15                        14                        62                        121                       
66                        65                        36                        115                       
83                        42                        82                        117                       
100                       14                        15                        121                       
113                       122                       111                       132                       
2                         75                        20                        134                       
37                        5                         68                        115                       
66                        36                        37                        115                       
43                        42                        83                        117                       
55                        54                        24                        126                       
37                        115                       36                        131                       
5                         108                       38                        135                       
85                        4                         117                       130                       
99                        129                       121                       135                       
63                        65                        66                        115                       
83                        82                        80                        117                       
55                        58                        57                        116                       
109                       29                        113                       132                       
48                        51                        46                        119                       
95                        43                        4                         117                       
30                        110                       123                       132                       
99                        98                        121                       129                       
40                        39                        113                       122                       
94                        93                        91                        124                       
49                        9                         48                        119                       
103                       14                        100                       121                       
69                        6                         35                        126                       
94                        91                        28                        124                       
21                        74                        22                        120                       
22                        6                         53                        120                       
103                       100                       98                        121                       
63                        68                        16                        135                       
81                        123                       31                        134                       
43                        117                       95                        133                       
62                        65                        63                        126                       
101                       99                        121                       135                       
105                       124                       28                        129                       
99                        97                        129                       135                       
7                         124                       105                       129                       
87                        12                        13                        116                       
33                        50                        34                        125                       
98                        27                        127                       129                       
30                        110                       31                        123                       
70                        72                        73                        131                       
85                        4                         43                        117                       
100                       101                       99                        121                       
75                        70                        73                        118                       
61                        33                        125                       130                       
49                        119                       47                        130                       
18                        118                       19                        132                       
30                        123                       109                       132                       
78                        128                       37                        131                       
12                        116                       87                        133                       
63                        66                        68                        115                       
55                        60                        58                        116                       
80                        85                        83                        117                       
61                        32                        33                        130                       
81                        84                        123                       134                       
35                        120                       76                        131                       
86                        7                         29                        124                       
38                        122                       97                        135                       
91                        27                        28                        127                       
15                        63                        16                        135                       
30                        29                        109                       123                       
40                        7                         105                       129                       
98                        96                        27                        129                       
41                        7                         86                        124                       
44                        47                        46                        119                       
11                        57                        12                        133                       
97                        39                        102                       129                       
79                        82                        84                        123                       
77                        22                        74                        120                       
77                        74                        76                        120                       
100                       99                        98                        121                       
90                        87                        127                       133                       
105                       7                         28                        124                       
67                        62                        64                        126                       
18                        128                       118                       132                       
75                        19                        70                        118                       
76                        120                       74                        131                       
49                        47                        45                        130                       
112                       107                       19                        132                       
77                        6                         22                        120                       
51                        48                        8                         134                       
37                        36                        71                        131                       
37                        68                        66                        115                       
60                        13                        58                        116                       
85                        43                        83                        117                       
58                        12                        57                        116                       
57                        59                        54                        125                       
81                        84                        31                        123                       
59                        34                        56                        125                       
67                        25                        24                        126                       
97                        38                        39                        122                       
106                       122                       108                       128                       
13                        12                        58                        116                       
78                        5                         37                        128                       
88                        43                        95                        133                       
70                        19                        18                        118                       
94                        41                        93                        124                       
35                        77                        76                        120                       
111                       113                       39                        122                       
118                       132                       123                       134                       
33                        32                        45                        130                       
106                       122                       128                       132                       
70                        18                        72                        128                       
95                        4                         11                        133                       
122                       128                       115                       135                       
85                        10                        4                         130                       
36                        35                        76                        131                       
49                        48                        47                        119                       
28                        7                         94                        124                       
69                        35                        65                        126                       
2                         20                        51                        134                       
102                       39                        40                        129                       
89                        127                       91                        133                       
79                        123                       84                        134                       
93                        89                        91                        133                       
54                        23                        24                        126                       
99                        96                        98                        129                       
59                        33                        34                        125                       
9                         79                        8                         134                       
57                        61                        59                        125                       
111                       38                        108                       122                       
61                        33                        59                        125                       
121                       129                       122                       135                       
48                        46                        47                        119                       
59                        56                        54                        125                       
82                        86                        84                        123                       
67                        65                        62                        126                       
107                       18                        19                        132                       
84                        30                        31                        123                       
68                        5                         16                        135                       
61                        4                         32                        130                       
35                        6                         77                        120                       
111                       108                       106                       122                       
81                        79                        84                        134                       
73                        72                        74                        131                       
61                        11                        4                         130                       
104                       5                         38                        135                       
111                       122                       106                       132                       
109                       113                       111                       132                       
84                        86                        30                        123                       
90                        87                        92                        127                       
90                        89                        87                        133                       
49                        52                        10                        130                       
37                        71                        78                        131                       
30                        109                       110                       132                       
5                         17                        108                       128                       
111                       39                        38                        122                       
105                       28                        27                        129                       
90                        91                        89                        127                       
99                        97                        102                       129                       
98                        27                        26                        127                       
90                        127                       89                        133                       
78                        72                        128                       131                       
88                        89                        93                        133                       
86                        29                        30                        123                       
94                        7                         41                        124                       
105                       27                        96                        129                       
15                        16                        101                       135                       
2                         31                        112                       134                       
101                       97                        99                        135                       
49                        45                        52                        130                       
104                       38                        97                        135                       
78                        17                        5                         128                       
107                       112                       110                       132                       
69                        24                        23                        126                       
72                        18                        78                        128                       
52                        4                         10                        130                       
16                        5                         104                       135                       
102                       96                        99                        129                       
106                       128                       18                        132                       
69                        65                        67                        126                       
69                        67                        24                        126                       
26                        90                        92                        127                       
105                       102                       40                        129                       
32                        4                         52                        130                       
78                        18                        17                        128                       
45                        32                        52                        130                       
101                       104                       97                        135                       
36                        76                        71                        131                       
2                         51                        8                         134                       
89                        12                        87                        133                       
106                       108                       17                        128                       
72                        76                        74                        131                       
27                        91                        90                        127                       
81                        31                        2                         134                       
81                        8                         79                        134                       
109                       111                       106                       132                       
106                       18                        107                       132                       
27                        90                        26                        127                       
95                        12                        89                        133                       
81                        2                         8                         134                       
109                       106                       107                       132                       
101                       16                        104                       135                       
106                       17                        18                        128                       
95                        11                        12                        133                       
88                        95                        89                        133                       
109                       107                       110                       132                       
78                        71                        72                        131                       
72                        71                        76                        131                       
102                       105                       96                        129                       
