148                       16                        
148                       57                        
148                       21                        
16                        57                        
16                        21                        
57                        21                        
82                        18                        
82                        84                        
82                        14                        
18                        84                        
18                        14                        
84                        14                        
123                       6                         
123                       115                       
123                       23                        
6                         115                       
6                         23                        
115                       23                        
52                        33                        
52                        46                        
33                        46                        
192                       55                        
192                       32                        
192                       27                        
55                        32                        
55                        27                        
32                        27                        
11                        61                        
11                        3                         
11                        31                        
61                        3                         
61                        31                        
3                         31                        
15                        90                        
15                        20                        
15                        39                        
90                        20                        
90                        39                        
20                        39                        
25                        17                        
25                        95                        
17                        95                        
170                       44                        
170                       50                        
170                       29                        
44                        50                        
44                        29                        
50                        29                        
94                        36                        
94                        154                       
94                        48                        
36                        154                       
36                        48                        
154                       48                        
33                        61                        
33                        6                         
33                        46                        
61                        6                         
61                        46                        
6                         46                        
30                        86                        
30                        40                        
30                        75                        
86                        40                        
86                        75                        
40                        75                        
202                       66                        
202                       72                        
202                       60                        
66                        72                        
66                        60                        
72                        60                        
2                         130                       
2                         18                        
130                       18                        
70                        7                         
70                        216                       
70                        110                       
7                         216                       
7                         110                       
216                       110                       
23                        56                        
23                        1                         
23                        100                       
56                        1                         
56                        100                       
1                         100                       
35                        182                       
35                        77                        
35                        8                         
182                       77                        
182                       8                         
77                        8                         
24                        20                        
24                        2                         
24                        14                        
20                        2                         
20                        14                        
2                         14                        
226                       127                       
226                       38                        
226                       117                       
127                       38                        
127                       117                       
38                        117                       
24                        7                         
24                        18                        
24                        39                        
7                         18                        
7                         39                        
18                        39                        
1                         91                        
1                         111                       
1                         176                       
91                        111                       
91                        176                       
111                       176                       
44                        54                        
44                        85                        
44                        51                        
54                        85                        
54                        51                        
85                        51                        
16                        3                         
16                        102                       
16                        31                        
3                         102                       
3                         31                        
102                       31                        
20                        18                        
20                        219                       
20                        134                       
18                        219                       
18                        134                       
219                       134                       
93                        63                        
93                        35                        
93                        8                         
63                        35                        
63                        8                         
35                        8                         
179                       80                        
179                       68                        
179                       79                        
80                        68                        
80                        79                        
68                        79                        
5                         38                        
5                         103                       
5                         99                        
38                        103                       
38                        99                        
103                       99                        
69                        124                       
69                        37                        
124                       37                        
9                         88                        
9                         48                        
9                         104                       
88                        48                        
88                        104                       
48                        104                       
12                        40                        
12                        49                        
12                        87                        
40                        49                        
40                        87                        
49                        87                        
208                       6                         
208                       23                        
6                         23                        
5                         121                       
5                         194                       
5                         99                        
121                       194                       
121                       99                        
194                       99                        
42                        171                       
42                        11                        
42                        4                         
171                       11                        
171                       4                         
11                        4                         
59                        45                        
59                        144                       
45                        144                       
260                       25                        
260                       177                       
260                       17                        
25                        177                       
25                        17                        
177                       17                        
10                        138                       
10                        62                        
10                        96                        
138                       62                        
138                       96                        
62                        96                        
81                        28                        
81                        54                        
81                        51                        
28                        54                        
28                        51                        
54                        51                        
19                        83                        
19                        27                        
19                        173                       
83                        27                        
83                        173                       
27                        173                       
20                        218                       
20                        7                         
218                       7                         
30                        12                        
30                        156                       
12                        156                       
43                        164                       
43                        64                        
164                       64                        
64                        33                        
64                        245                       
64                        43                        
33                        245                       
33                        43                        
245                       43                        
78                        41                        
78                        42                        
78                        52                        
41                        42                        
41                        52                        
42                        52                        
22                        85                        
22                        9                         
22                        106                       
85                        9                         
85                        106                       
9                         106                       
67                        126                       
67                        161                       
67                        34                        
126                       161                       
126                       34                        
161                       34                        
4                         11                        
4                         189                       
11                        189                       
56                        213                       
56                        57                        
213                       57                        
10                        29                        
10                        271                       
10                        113                       
29                        271                       
29                        113                       
271                       113                       
234                       30                        
234                       132                       
234                       91                        
30                        132                       
30                        91                        
132                       91                        
9                         137                       
9                         76                        
9                         88                        
137                       76                        
137                       88                        
76                        88                        
175                       37                        
175                       22                        
37                        22                        
4                         174                       
4                         43                        
174                       43                        
66                        65                        
66                        74                        
66                        92                        
65                        74                        
65                        92                        
74                        92                        
258                       129                       
258                       22                        
258                       37                        
129                       22                        
129                       37                        
22                        37                        
115                       121                       
115                       5                         
115                       212                       
121                       5                         
121                       212                       
5                         212                       
251                       47                        
251                       16                        
47                        16                        
1                         47                        
1                         125                       
1                         176                       
47                        125                       
47                        176                       
125                       176                       
68                        158                       
68                        150                       
68                        77                        
158                       150                       
158                       77                        
150                       77                        
67                        34                        
67                        108                       
67                        135                       
34                        108                       
34                        135                       
108                       135                       
62                        184                       
62                        13                        
62                        120                       
184                       13                        
184                       120                       
13                        120                       
11                        246                       
11                        6                         
246                       6                         
60                        36                        
60                        184                       
60                        96                        
36                        184                       
36                        96                        
184                       96                        
25                        93                        
25                        183                       
93                        183                       
146                       153                       
146                       42                        
146                       41                        
153                       42                        
153                       41                        
42                        41                        
252                       74                        
252                       53                        
252                       131                       
74                        53                        
74                        131                       
53                        131                       
53                        169                       
53                        13                        
53                        92                        
169                       13                        
169                       92                        
13                        92                        
287                       118                       
287                       45                        
287                       59                        
118                       45                        
118                       59                        
45                        59                        
26                        163                       
26                        58                        
26                        151                       
163                       58                        
163                       151                       
58                        151                       
81                        155                       
81                        28                        
155                       28                        
15                        161                       
15                        90                        
15                        181                       
161                       90                        
161                       181                       
90                        181                       
82                        78                        
82                        139                       
78                        139                       
168                       13                        
168                       169                       
168                       120                       
13                        169                       
13                        120                       
169                       120                       
76                        137                       
76                        199                       
137                       199                       
152                       53                        
152                       65                        
152                       133                       
53                        65                        
53                        133                       
65                        133                       
12                        227                       
12                        86                        
227                       86                        
50                        73                        
50                        98                        
50                        228                       
73                        98                        
73                        228                       
98                        228                       
58                        17                        
58                        196                       
58                        105                       
17                        196                       
17                        105                       
196                       105                       
82                        159                       
82                        43                        
82                        71                        
159                       43                        
159                       71                        
43                        71                        
81                        26                        
81                        109                       
81                        119                       
26                        109                       
26                        119                       
109                       119                       
190                       157                       
190                       26                        
190                       119                       
157                       26                        
157                       119                       
26                        119                       
79                        69                        
79                        37                        
79                        180                       
69                        37                        
69                        180                       
37                        180                       
2                         84                        
2                         78                        
2                         71                        
84                        78                        
84                        71                        
78                        71                        
38                        140                       
38                        103                       
140                       103                       
82                        2                         
82                        244                       
2                         244                       
44                        22                        
44                        232                       
22                        232                       
107                       167                       
107                       12                        
107                       75                        
167                       12                        
167                       75                        
12                        75                        
91                        221                       
91                        30                        
221                       30                        
29                        50                        
29                        220                       
50                        220                       
291                       194                       
291                       147                       
291                       98                        
194                       147                       
194                       98                        
147                       98                        
7                         70                        
7                         217                       
70                        217                       
49                        204                       
49                        21                        
49                        87                        
204                       21                        
204                       87                        
21                        87                        
53                        66                        
53                        197                       
66                        197                       
25                        125                       
25                        63                        
25                        112                       
125                       63                        
125                       112                       
63                        112                       
108                       138                       
108                       10                        
108                       271                       
138                       10                        
138                       271                       
10                        271                       
206                       8                         
206                       105                       
8                         105                       
198                       36                        
198                       62                        
36                        62                        
281                       149                       
281                       253                       
281                       107                       
149                       253                       
149                       107                       
253                       107                       
76                        199                       
76                        89                        
76                        142                       
199                       89                        
199                       142                       
89                        142                       
32                        193                       
32                        27                        
193                       27                        
208                       16                        
208                       111                       
16                        111                       
276                       162                       
276                       146                       
276                       145                       
162                       146                       
162                       145                       
146                       145                       
251                       23                        
251                       143                       
23                        143                       
223                       27                        
223                       83                        
27                        83                        
106                       29                        
106                       113                       
29                        113                       
186                       95                        
186                       77                        
95                        77                        
279                       44                        
279                       104                       
44                        104                       
86                        97                        
86                        167                       
86                        141                       
97                        167                       
97                        141                       
167                       141                       
59                        122                       
59                        94                        
59                        135                       
122                       94                        
122                       135                       
94                        135                       
172                       79                        
172                       151                       
79                        151                       
131                       136                       
131                       15                        
131                       218                       
136                       15                        
136                       218                       
15                        218                       
100                       21                        
100                       204                       
21                        204                       
188                       125                       
188                       93                        
125                       93                        
198                       104                       
198                       48                        
104                       48                        
122                       307                       
122                       138                       
307                       138                       
3                         312                       
3                         55                        
3                         143                       
312                       55                        
312                       143                       
55                        143                       
126                       118                       
126                       270                       
118                       270                       
19                        173                       
19                        129                       
19                        209                       
173                       129                       
173                       209                       
129                       209                       
67                        145                       
67                        116                       
67                        205                       
145                       116                       
145                       205                       
116                       205                       
166                       80                        
166                       79                        
80                        79                        
185                       60                        
185                       72                        
60                        72                        
32                        55                        
32                        225                       
55                        225                       
108                       250                       
108                       114                       
250                       114                       
192                       245                       
192                       3                         
192                       148                       
245                       3                         
245                       148                       
3                         148                       
28                        233                       
28                        129                       
233                       129                       
57                        200                       
57                        93                        
57                        112                       
200                       93                        
200                       112                       
93                        112                       
45                        116                       
45                        254                       
116                       254                       
19                        177                       
19                        140                       
19                        282                       
177                       140                       
177                       282                       
140                       282                       
134                       132                       
134                       191                       
134                       160                       
132                       191                       
132                       160                       
191                       160                       
117                       272                       
117                       54                        
117                       124                       
272                       54                        
272                       124                       
54                        124                       
14                        222                       
14                        134                       
222                       134                       
110                       65                        
110                       165                       
110                       249                       
65                        165                       
65                        249                       
165                       249                       
49                        156                       
49                        128                       
49                        160                       
156                       128                       
156                       160                       
128                       160                       
152                       74                        
152                       249                       
74                        249                       
128                       191                       
128                       24                        
128                       130                       
191                       24                        
191                       130                       
24                        130                       
210                       59                        
210                       108                       
59                        108                       
165                       181                       
165                       110                       
181                       110                       
50                        275                       
50                        73                        
275                       73                        
94                        114                       
94                        36                        
114                       36                        
71                        211                       
71                        222                       
211                       222                       
83                        127                       
83                        239                       
127                       239                       
107                       248                       
107                       149                       
248                       149                       
98                        147                       
98                        247                       
147                       247                       
102                       115                       
102                       241                       
115                       241                       
250                       34                        
250                       201                       
34                        201                       
101                       270                       
101                       118                       
101                       187                       
270                       118                       
270                       187                       
118                       187                       
101                       178                       
101                       64                        
101                       319                       
178                       64                        
178                       319                       
64                        319                       
89                        269                       
89                        162                       
89                        142                       
269                       162                       
269                       142                       
162                       142                       
1                         260                       
1                         123                       
1                         234                       
260                       123                       
260                       234                       
123                       234                       
97                        158                       
97                        284                       
97                        141                       
158                       284                       
158                       141                       
284                       141                       
58                        281                       
58                        179                       
58                        260                       
281                       179                       
281                       260                       
179                       260                       
109                       68                        
109                       196                       
68                        196                       
253                       236                       
253                       74                        
253                       133                       
236                       74                        
236                       133                       
74                        133                       
64                        178                       
64                        238                       
178                       238                       
10                        202                       
10                        287                       
10                        170                       
202                       287                       
202                       170                       
287                       170                       
69                        172                       
69                        297                       
172                       297                       
40                        273                       
40                        132                       
273                       132                       
80                        266                       
80                        163                       
266                       163                       
58                        215                       
58                        149                       
58                        186                       
215                       149                       
215                       186                       
149                       186                       
309                       164                       
309                       78                        
164                       78                        
243                       132                       
243                       128                       
132                       128                       
45                        267                       
45                        70                        
45                        201                       
267                       70                        
267                       201                       
70                        201                       
147                       224                       
147                       101                       
147                       187                       
224                       101                       
224                       187                       
101                       187                       
68                        157                       
68                        215                       
157                       215                       
319                       41                        
319                       159                       
41                        159                       
136                       131                       
136                       262                       
131                       262                       
119                       214                       
119                       230                       
214                       230                       
86                        107                       
86                        277                       
107                       277                       
72                        315                       
72                        190                       
72                        185                       
315                       190                       
315                       185                       
190                       185                       
329                       72                        
329                       66                        
72                        66                        
291                       258                       
291                       9                         
291                       154                       
258                       9                         
258                       154                       
9                         154                       
238                       246                       
238                       33                        
246                       33                        
109                       314                       
109                       155                       
314                       155                       
117                       38                        
117                       195                       
38                        195                       
189                       211                       
189                       52                        
211                       52                        
279                       180                       
279                       51                        
180                       51                        
57                        235                       
57                        21                        
235                       21                        
35                        203                       
35                        127                       
35                        242                       
203                       127                       
203                       242                       
127                       242                       
224                       153                       
224                       146                       
153                       146                       
26                        150                       
26                        202                       
26                        258                       
150                       202                       
150                       258                       
202                       258                       
214                       81                        
214                       175                       
81                        175                       
259                       70                        
259                       136                       
70                        136                       
242                       229                       
242                       17                        
229                       17                        
317                       203                       
317                       63                        
203                       63                        
60                        62                        
60                        285                       
62                        285                       
120                       168                       
120                       255                       
168                       255                       
158                       256                       
158                       105                       
256                       105                       
257                       162                       
257                       145                       
162                       145                       
112                       206                       
112                       261                       
206                       261                       
174                       46                        
174                       280                       
46                        280                       
80                        168                       
80                        207                       
80                        230                       
168                       207                       
168                       230                       
207                       230                       
134                       128                       
134                       293                       
128                       293                       
5                         291                       
5                         123                       
5                         226                       
291                       123                       
291                       226                       
123                       226                       
240                       195                       
240                       99                        
195                       99                        
32                        268                       
32                        89                        
32                        278                       
268                       89                        
268                       278                       
89                        278                       
305                       173                       
305                       193                       
173                       193                       
151                       77                        
151                       229                       
77                        229                       
92                        285                       
92                        262                       
285                       262                       
298                       113                       
298                       96                        
113                       96                        
98                        73                        
98                        294                       
73                        294                       
213                       317                       
213                       125                       
317                       125                       
144                       161                       
144                       259                       
161                       259                       
252                       13                        
252                       179                       
252                       154                       
13                        179                       
13                        154                       
179                       154                       
183                       239                       
183                       177                       
239                       177                       
231                       111                       
231                       91                        
111                       91                        
210                       289                       
210                       118                       
289                       118                       
95                        290                       
95                        188                       
290                       188                       
266                       190                       
266                       315                       
190                       315                       
100                       280                       
100                       31                        
280                       31                        
117                       233                       
117                       282                       
233                       282                       
283                       205                       
283                       135                       
205                       135                       
299                       139                       
299                       174                       
139                       174                       
241                       55                        
241                       223                       
55                        223                       
296                       200                       
296                       47                        
200                       47                        
166                       180                       
166                       301                       
180                       301                       
158                       163                       
158                       331                       
163                       331                       
15                        219                       
15                        287                       
15                        252                       
219                       287                       
219                       252                       
287                       252                       
90                        267                       
90                        244                       
267                       244                       
237                       110                       
237                       39                        
110                       39                        
24                        245                       
24                        216                       
24                        234                       
245                       216                       
245                       234                       
216                       234                       
228                       265                       
228                       88                        
265                       88                        
87                        235                       
87                        227                       
235                       227                       
130                       139                       
130                       286                       
139                       286                       
212                       103                       
212                       323                       
103                       323                       
325                       178                       
325                       162                       
178                       162                       
121                       312                       
121                       292                       
312                       292                       
192                       260                       
192                       19                        
192                       258                       
260                       19                        
260                       258                       
19                        258                       
75                        221                       
75                        263                       
221                       263                       
264                       220                       
264                       76                        
220                       76                        
196                       182                       
196                       314                       
182                       314                       
166                       288                       
166                       190                       
288                       190                       
204                       243                       
204                       310                       
243                       310                       
275                       85                        
275                       272                       
85                        272                       
124                       297                       
124                       209                       
297                       209                       
219                       281                       
219                       49                        
219                       148                       
281                       49                        
281                       148                       
49                        148                       
176                       261                       
176                       221                       
261                       221                       
274                       329                       
274                       152                       
329                       152                       
304                       218                       
304                       293                       
218                       293                       
171                       153                       
171                       332                       
153                       332                       
323                       140                       
323                       203                       
140                       203                       
193                       278                       
193                       311                       
278                       311                       
326                       143                       
326                       212                       
143                       212                       
177                       324                       
177                       182                       
324                       182                       
160                       286                       
160                       231                       
286                       231                       
309                       84                        
309                       217                       
84                        217                       
42                        123                       
42                        276                       
42                        219                       
123                       276                       
123                       219                       
276                       219                       
171                       322                       
171                       61                        
322                       61                        
142                       257                       
142                       264                       
257                       264                       
141                       263                       
141                       256                       
263                       256                       
304                       133                       
304                       131                       
133                       131                       
144                       300                       
144                       122                       
300                       122                       
102                       296                       
102                       56                        
296                       56                        
202                       281                       
202                       65                        
202                       216                       
281                       65                        
281                       216                       
65                        216                       
97                        295                       
97                        152                       
97                        321                       
295                       152                       
295                       321                       
152                       321                       
267                       126                       
267                       320                       
126                       320                       
298                       185                       
298                       288                       
185                       288                       
248                       290                       
248                       186                       
290                       186                       
187                       289                       
187                       247                       
289                       247                       
226                       54                        
226                       170                       
226                       179                       
54                        170                       
54                        179                       
170                       179                       
201                       181                       
201                       318                       
181                       318                       
226                       148                       
226                       35                        
226                       150                       
148                       35                        
148                       150                       
35                        150                       
188                       302                       
188                       235                       
302                       235                       
165                       197                       
165                       318                       
197                       318                       
248                       227                       
248                       302                       
227                       302                       
247                       303                       
247                       228                       
303                       228                       
283                       271                       
283                       220                       
271                       220                       
207                       334                       
207                       157                       
334                       157                       
161                       254                       
161                       217                       
254                       217                       
292                       269                       
292                       194                       
269                       194                       
268                       325                       
268                       147                       
325                       147                       
145                       328                       
145                       116                       
328                       116                       
94                        48                        
94                        265                       
48                        265                       
305                       232                       
305                       129                       
232                       129                       
277                       306                       
277                       156                       
306                       156                       
295                       335                       
295                       236                       
335                       236                       
137                       232                       
137                       316                       
232                       316                       
245                       291                       
245                       101                       
245                       287                       
291                       101                       
291                       287                       
101                       287                       
273                       167                       
273                       321                       
167                       321                       
194                       294                       
194                       240                       
294                       240                       
308                       175                       
308                       106                       
175                       106                       
310                       189                       
310                       208                       
189                       208                       
252                       150                       
252                       97                        
252                       234                       
150                       97                        
150                       234                       
97                        234                       
209                       324                       
209                       127                       
324                       127                       
210                       265                       
210                       303                       
265                       303                       
295                       149                       
295                       331                       
149                       331                       
184                       307                       
184                       197                       
307                       197                       
243                       222                       
243                       299                       
222                       299                       
67                        216                       
67                        276                       
67                        154                       
216                       276                       
216                       154                       
276                       154                       
301                       255                       
301                       230                       
255                       230                       
205                       303                       
205                       257                       
303                       257                       
256                       302                       
256                       206                       
302                       206                       
89                        276                       
89                        192                       
89                        170                       
276                       192                       
276                       170                       
192                       170                       
225                       336                       
225                       268                       
336                       268                       
306                       237                       
306                       191                       
237                       191                       
199                       316                       
199                       278                       
316                       278                       
253                       284                       
253                       274                       
284                       274                       
213                       251                       
213                       326                       
251                       326                       
233                       155                       
233                       327                       
155                       327                       
198                       255                       
198                       308                       
255                       308                       
310                       286                       
310                       211                       
286                       211                       
250                       318                       
250                       307                       
318                       307                       
308                       288                       
308                       214                       
288                       214                       
290                       263                       
290                       261                       
263                       261                       
289                       283                       
289                       264                       
283                       264                       
249                       237                       
249                       313                       
237                       313                       
311                       272                       
311                       195                       
272                       195                       
313                       293                       
313                       273                       
293                       273                       
114                       300                       
114                       285                       
300                       285                       
298                       301                       
298                       279                       
301                       279                       
320                       159                       
320                       244                       
159                       244                       
280                       231                       
280                       299                       
231                       299                       
305                       240                       
305                       316                       
240                       316                       
322                       225                       
322                       115                       
225                       115                       
304                       306                       
304                       321                       
306                       321                       
229                       327                       
229                       172                       
327                       172                       
333                       207                       
333                       168                       
207                       168                       
275                       311                       
275                       294                       
311                       294                       
330                       183                       
330                       200                       
183                       200                       
259                       262                       
259                       300                       
262                       300                       
146                       164                       
146                       328                       
164                       328                       
328                       309                       
328                       254                       
309                       254                       
313                       277                       
313                       253                       
277                       253                       
336                       312                       
336                       246                       
312                       246                       
223                       239                       
223                       330                       
239                       330                       
282                       327                       
282                       242                       
327                       242                       
332                       224                       
332                       269                       
224                       269                       
330                       296                       
330                       241                       
296                       241                       
297                       314                       
297                       324                       
314                       324                       
319                       320                       
319                       270                       
320                       270                       
333                       169                       
333                       236                       
169                       236                       
326                       323                       
326                       317                       
323                       317                       
284                       215                       
284                       334                       
215                       334                       
336                       238                       
336                       325                       
238                       325                       
335                       315                       
335                       329                       
315                       329                       
335                       331                       
335                       266                       
331                       266                       
274                       334                       
274                       333                       
334                       333                       
322                       332                       
322                       292                       
332                       292                       
