0.0                       0.0                       0.0                       
10.0                      0.0                       0.0                       
-10.0                     0.0                       0.0                       
0.0                       10.0                      0.0                       
0.0                       -10.0                     0.0                       
0.0                       0.0                       10.0                      
0.0                       0.0                       -10.0                     
9.80785280403             1.95090322016             0.0                       
9.23879532512             3.82683432364             0.0                       
8.31469612303             5.55570233018             0.0                       
7.07106781188             7.07106781185             0.0                       
5.55570233021             8.31469612302             0.0                       
3.82683432366             9.23879532511             0.0                       
1.95090322016             9.80785280403             0.0                       
-1.95090322016            9.80785280403             0.0                       
-3.82683432364            9.23879532512             0.0                       
-5.55570233018            8.31469612303             0.0                       
-7.07106781185            7.07106781188             0.0                       
-8.31469612302            5.55570233021             0.0                       
-9.23879532511            3.82683432366             0.0                       
-9.80785280403            1.95090322016             0.0                       
-9.80785280403            -1.95090322016            0.0                       
-9.23879532512            -3.82683432364            0.0                       
-8.31469612303            -5.55570233018            0.0                       
-7.07106781188            -7.07106781185            0.0                       
-5.55570233021            -8.31469612302            0.0                       
-3.82683432366            -9.23879532511            0.0                       
-1.95090322016            -9.80785280403            0.0                       
1.95090322016             -9.80785280403            0.0                       
3.82683432364             -9.23879532512            0.0                       
5.55570233018             -8.31469612303            0.0                       
7.07106781185             -7.07106781188            0.0                       
8.31469612302             -5.55570233021            0.0                       
9.23879532511             -3.82683432366            0.0                       
9.80785280403             -1.95090322016            0.0                       
9.80785280403             0.0                       1.95090322016             
9.23879532512             0.0                       3.82683432364             
8.31469612303             0.0                       5.55570233018             
7.07106781188             0.0                       7.07106781185             
5.55570233021             0.0                       8.31469612302             
3.82683432366             0.0                       9.23879532511             
1.95090322016             0.0                       9.80785280403             
-1.95090322016            0.0                       9.80785280403             
-3.82683432364            0.0                       9.23879532512             
-5.55570233018            0.0                       8.31469612303             
-7.07106781185            0.0                       7.07106781188             
-8.31469612302            0.0                       5.55570233021             
-9.23879532511            0.0                       3.82683432366             
-9.80785280403            0.0                       1.95090322016             
-9.80785280403            0.0                       -1.95090322016            
-9.23879532512            0.0                       -3.82683432364            
-8.31469612303            0.0                       -5.55570233018            
-7.07106781188            0.0                       -7.07106781185            
-5.55570233021            0.0                       -8.31469612302            
-3.82683432366            0.0                       -9.23879532511            
-1.95090322016            0.0                       -9.80785280403            
1.95090322016             0.0                       -9.80785280403            
3.82683432364             0.0                       -9.23879532512            
5.55570233018             0.0                       -8.31469612303            
7.07106781185             0.0                       -7.07106781188            
8.31469612302             0.0                       -5.55570233021            
9.23879532511             0.0                       -3.82683432366            
9.80785280403             0.0                       -1.95090322016            
0.0                       9.80785280403             1.95090322016             
0.0                       9.23879532512             3.82683432364             
0.0                       8.31469612303             5.55570233018             
0.0                       7.07106781188             7.07106781185             
0.0                       5.55570233021             8.31469612302             
0.0                       3.82683432366             9.23879532511             
0.0                       1.95090322016             9.80785280403             
0.0                       -1.95090322016            9.80785280403             
0.0                       -3.82683432364            9.23879532512             
0.0                       -5.55570233018            8.31469612303             
0.0                       -7.07106781185            7.07106781188             
0.0                       -8.31469612302            5.55570233021             
0.0                       -9.23879532511            3.82683432366             
0.0                       -9.80785280403            1.95090322016             
0.0                       -9.80785280403            -1.95090322016            
0.0                       -9.23879532512            -3.82683432364            
0.0                       -8.31469612303            -5.55570233018            
0.0                       -7.07106781188            -7.07106781185            
0.0                       -5.55570233021            -8.31469612302            
0.0                       -3.82683432366            -9.23879532511            
0.0                       -1.95090322016            -9.80785280403            
0.0                       1.95090322016             -9.80785280403            
0.0                       3.82683432364             -9.23879532512            
0.0                       5.55570233018             -8.31469612303            
0.0                       7.07106781185             -7.07106781188            
0.0                       8.31469612302             -5.55570233021            
0.0                       9.23879532511             -3.82683432366            
0.0                       9.80785280403             -1.95090322016            
6.93419926469             4.35446267932             5.74069118939             
3.85046754737             7.12301152302             5.86827116872             
7.93301289228             3.78376473695             4.76974117393             
8.81032289927             3.16590338795             3.51500585329             
4.0840032804              8.61078055768             3.02908821152             
3.32599973256             3.90426788368             8.58454530371             
2.32996474773             9.23093084414             3.05960455371             
1.58470181714             2.95416646249             9.42133858126             
7.01945501614             5.26588738931             4.7955897739              
4.88297168054             7.5933240461              4.30093216617             
6.03600831699             2.29553650838             7.63525479182             
1.94684045897             7.65531309821             6.13237259106             
3.84451458559             5.5137668333              7.40392348078             
5.67502638427             5.96707917378             5.67345059657             
4.74266238885             3.91318860546             7.88632413761             
3.24528348665             8.33197467318             4.47731316046             
1.80606849184             4.84686647661             8.55838781318             
8.70960675423             1.84632629403             4.55344148997             
2.76304581255             1.69754118941             9.45959469259             
9.48390220419             1.53046292389             2.77727964383             
8.61538443955             4.91919203553             1.2556674227              
5.73812042088             7.89189323849             2.18906261851             
7.50605738603             6.35073031306             1.82409621689             
9.33555942715             3.16693975367             1.67863717901             
1.57734494535             8.68837028956             4.69299527327             
6.60667214543             6.5273254039              3.70754719922             
7.4707120565              2.44950213327             6.17967642097             
8.1605688983              4.84460918079             3.15196401335             
1.81204142845             6.34901191011             7.51042965661             
3.5952827348              9.23023268864             1.36994400266             
4.54215002851             2.06078629461             8.6672967508              
9.82475811272             1.34267257008             1.29281027071             
1.3562141959              9.75111531715             1.75397637567             
5.91554580279             4.22872626534             6.86470625941             
2.90159158894             6.73608897766             6.79749009091             
1.26974613874             1.33144853853             9.82929242277             
-5.5187912826             4.51858376324             7.0089473927              
-4.04068915353            7.35864845083             5.43351857838             
-4.87612756139            7.78552728228             3.9508157312              
-3.3432966576             3.49974664906             8.75066516624             
-7.61807593154            5.31485160258             3.70368351021             
-2.64261484392            9.46886429894             1.83226517592             
-2.8313136015             1.6706354425              9.4441855397              
-8.0997717932             3.4178781736              4.76569047342             
-3.04798284449            8.71107530527             3.85058016482             
-6.00665138489            6.43084350577             4.75019904265             
-6.37658665502            7.19142583168             2.76089426426             
-1.88424076557            7.82140179331             5.93930220859             
-6.60602332673            4.68604020196             5.86527774554             
-8.6500034839             3.80861763123             3.26678304569             
-4.9568049214             5.93341782779             6.34228963798             
-4.78987548741            1.93450055032             8.56240622932             
-8.65013286274            4.65424370863             1.87435774536             
-1.43154371163            9.50024708735             2.77416435725             
-1.44062679697            2.91128230041             9.45774972174             
-1.94702012304            4.99025307113             8.44431684191             
-9.40347871013            2.89211738968             1.79171570079             
-4.87107133157            3.727922848               7.89780066361             
-9.2736670769             1.91205084186             3.21607843888             
-4.76355874679            8.55664945173             2.02293307504             
-6.53229143947            1.63212882597             7.39360020864             
-6.05920653998            3.29416016641             7.24116875262             
-1.31271780445            8.88391511582             4.39918449042             
-3.99388495214            4.93670249913             7.72514410378             
-7.64564760355            1.27763283196             6.31757287801             
-7.33224557417            2.72267191486             6.23098968737             
-1.2753416363             9.83103317593             1.3131223875              
-1.25688804376            1.3195248866              9.83255239086             
-9.80813931989            1.35731458561             1.39932133451             
-3.1224011685             6.44213748091             6.98208247016             
-1.42709117322            6.47799316718             7.48324898084             
-8.43763674539            1.64768818745             5.1079751164              
-6.03250342883            7.88016105493             1.22961950598             
-7.75111661047            6.07874666446             1.72308742677             
-5.37800106589            -6.75882323806            5.03938617016             
-7.94647307831            -3.51562436458            4.94913638354             
-4.46672627083            -3.46408384862            8.24915022964             
-3.08567088024            -3.66726701275            8.77666154503             
-7.91688444553            -4.78214092402            3.80185071497             
-5.16749652562            -7.88254475657            3.34102795835             
-1.46073463789            -2.97048153194            9.43623302945             
-9.48376147844            -2.86310767819            1.36414172396             
-1.69111066723            -9.45638349476            2.77794094811             
-6.9418012506             -5.05422021091            5.1250613125              
-3.33653765745            -5.48629828131            7.66603206548             
-8.97804937153            -2.90292383693            3.31174616772             
-6.70322324279            -6.62586540523            3.34136286401             
-1.8904475545             -8.57346084686            4.78769016866             
-6.32428256604            -7.58040928751            1.59400284148             
-7.69035999607            -6.07986749699            1.97321421793             
-1.65747157092            -4.76598338933            8.63355027345             
-2.85646194378            -9.47642921929            1.42755539841             
-3.18726298534            -1.88881819485            9.28836479091             
-8.08498233502            -1.91471131875            5.56479480379             
-3.39346940913            -8.83828060489            3.22011821499             
-8.77189940856            -4.40320753244            1.91456109656             
-4.67928367411            -8.70760935261            1.51057726035             
-6.89355170133            -1.7653859257             7.02583500193             
-2.71232941932            -7.27802646123            6.2986982743              
-1.50435429749            -6.44299984774            7.49831121718             
-5.5060263037             -4.85975027618            6.78723077522             
-4.14318500447            -6.60604274673            6.2605285118              
-1.24939340361            -7.6385613784             6.33177670101             
-3.86100216484            -7.80157985218            4.92219606406             
-6.09781791878            -2.92279562117            7.36708099496             
-7.04229139023            -3.37597947614            6.24571009187             
-1.30420987738            -1.37406358125            9.818909607               
-1.31212671124            -9.83529899936            1.24306761153             
-5.43171544226            -1.48324999911            8.26416582569             
-9.69174605588            -1.33204195673            2.07261250933             
-9.00576533575            -1.27058890649            4.15713778315             
4.35446267932             -6.93419926468            5.74069118941             
3.78376473695             -7.93301289227            4.76974117395             
7.12301152302             -3.85046754736            5.86827116872             
3.90426788368             -3.32599973255            8.58454530372             
8.61078055768             -4.0840032804             3.02908821153             
3.16590338795             -8.81032289927            3.51500585331             
2.95416646249             -1.58470181713            9.42133858126             
9.23093084414             -2.32996474773            3.05960455372             
5.26588738931             -7.01945501613            4.79558977392             
7.5933240461              -4.88297168054            4.30093216617             
2.29553650838             -6.03600831697            7.63525479183             
7.65531309821             -1.94684045897            6.13237259107             
5.5137668333              -3.84451458558            7.40392348078             
5.96707917378             -5.67502638426            5.67345059658             
3.91318860546             -4.74266238884            7.88632413762             
8.33197467318             -3.24528348664            4.47731316046             
4.84686647661             -1.80606849183            8.55838781318             
1.84632629403             -8.70960675422            4.55344148999             
1.69754118941             -2.76304581254            9.45959469259             
1.53046292389             -9.48390220418            2.77727964384             
4.91919203553             -8.61538443954            1.2556674227              
7.89189323849             -5.73812042088            2.18906261851             
6.35073031306             -7.50605738603            1.8240962169              
3.16693975367             -9.33555942715            1.67863717902             
8.68837028956             -1.57734494535            4.69299527327             
6.5273254039              -6.60667214543            3.70754719923             
2.44950213327             -7.47071205649            6.17967642099             
4.84460918079             -8.1605688983             3.15196401336             
6.34901191011             -1.81204142844            7.51042965661             
9.23023268864             -3.5952827348             1.36994400266             
2.06078629461             -4.54215002849            8.66729675081             
9.75111531715             -1.3562141959             1.75397637567             
1.34267257008             -9.82475811272            1.29281027071             
4.22872626534             -5.91554580277            6.86470625942             
6.73608897766             -2.90159158894            6.79749009092             
1.33144853853             -1.26974613874            9.82929242277             
5.12455374055             7.20294276815             -4.67510047368            
7.94391735658             3.53190700398             -4.94164041054            
4.46334047754             3.48030440004             -8.24415387196            
3.08567088024             3.66726701275             -8.77666154503            
7.91688444553             4.78214092402             -3.80185071497            
5.16139799146             8.08487914908             -2.82749003862            
1.46085283394             2.97049626999             -9.43621009238            
9.48359179065             2.8638747662              -1.36371113944            
1.61616697485             9.45359221498             -2.83153642787            
6.69739185233             5.31863691012             -5.18237819873            
3.34212159123             5.48310583524             -7.66588375003            
8.97706805207             2.90707194878             -3.31076756555            
6.7107161445              6.62438750889             -3.32923098628            
1.8895759292              8.56269171044             -4.80726673691            
6.32901147776             7.57848153685             -1.58437095089            
7.69186665779             6.07918361899             -1.96944506027            
1.65885805953             4.76556616005             -8.63351429677            
3.18665643152             1.89222903965             -9.28787866248            
8.0798079196              1.92573079916             -5.56850652074            
8.77208175264             4.403112166               -1.91394487346            
3.61848523897             8.67058883935             -3.42453701312            
2.83050445321             9.47161143628             -1.5089139606             
4.6254151276              8.72684582398             -1.56451170076            
6.8938378776              1.76994188594             -7.02440780691            
1.52917663187             6.42648522046             -7.50745672913            
2.67838263231             7.25220586703             -6.34285239756            
5.43600762173             4.8106160879              -6.87806615201            
4.30621772116             6.56029423761             -6.19830851555            
1.24687117897             7.62794235972             -6.34506167187            
6.08352692678             2.91763985375             -7.38092662306            
3.54758024024             7.77655040789             -5.19036975491            
6.99413271125             3.42035804024             -6.27560821705            
1.30429727316             1.37406927012             -9.81889720204            
1.29163116883             9.83453823126             -1.27025458142            
5.45465893121             6.05005237844             -5.80030707483            
5.42942418096             1.48623388646             -8.26513532242            
9.69166423526             1.33305357368             -2.07234469157            
9.00501388128             1.27391463176             -4.1577477688             
-4.37557855036            6.92628646308             -5.73418417745            
-3.78737347828            7.93195715223             -4.76863270457            
-7.18082716889            3.62771717421             -5.93930882128            
-3.94080775584            3.30378019623             -8.57642528368            
-3.16662478992            8.81015978054             -3.51476486856            
-2.97014899823            1.59995834879             -9.41373189604            
-5.28509656302            7.00835636797             -4.79068839928            
-2.2535171412             6.11618340634             -7.58379595152            
-7.92308603453            1.39442972927             -5.93971997822            
-5.65447185583            3.62131234685             -7.41033365769            
-5.70960158285            5.57338663764             -6.02808519785            
-4.26422227721            4.83286259342             -7.64590397034            
-7.95296996751            4.44741081851             -4.11956377634            
-4.8876148335             1.9267045651              -8.50876199915            
-1.84711944414            8.70952190469             -4.55328210754            
-1.71819267486            2.76742505896             -9.45458473309            
-9.49867903204            2.79507321449             -1.40095052442            
-1.53071513966            9.48388289883             -2.7772065682             
-4.9083405076             8.61992918163             -1.26689161539            
-7.72272067767            6.00042429325             -2.08674235009            
-6.31370440008            7.54040399354             -1.81092362142            
-3.16519469095            9.33590075965             -1.68002963495            
-6.60142271206            6.40762124526             -3.91964388101            
-2.45825864497            7.46895144238             -6.17832734531            
-4.85001257767            8.15678943028             -3.15343688481            
-8.82420653               4.19738793099             -2.12492674524            
-6.44435648408            1.82768180635             -7.42494772513            
-2.12988260108            4.57429540172             -8.6336215856             
-1.34233773237            9.82477243096             -1.29304914529            
-3.93660101517            6.23620054532             -6.7537378692             
-7.05319316844            5.05769163447             -4.967113997              
-8.42011673931            2.33552927527             -4.86281164562            
-1.33846907368            1.27330940854             -9.82787788329            
-9.75916452852            1.24171032579             -1.79356158858            
-9.15223760351            2.57341547623             -3.10065793592            
-6.92628646309            -4.37557855036            -5.73418417744            
-3.62771717421            -7.18082716889            -5.93930882128            
-7.93195715224            -3.78737347828            -4.76863270456            
-8.81015978054            -3.16662478992            -3.51476486855            
-3.30378019624            -3.94080775585            -8.57642528367            
-1.59995834879            -2.97014899823            -9.41373189604            
-7.00835636798            -5.28509656302            -4.79068839927            
-6.11618340636            -2.2535171412             -7.58379595151            
-1.39442972928            -7.92308603453            -5.93971997822            
-3.62131234686            -5.65447185583            -7.41033365768            
-5.57338663764            -5.70960158285            -6.02808519784            
-4.83286259343            -4.26422227721            -7.64590397033            
-4.44741081851            -7.95296996751            -4.11956377633            
-1.9267045651             -4.8876148335             -8.50876199915            
-8.7095219047             -1.84711944414            -4.55328210753            
-2.76742505897            -1.71819267487            -9.45458473308            
-2.79507321449            -9.49867903204            -1.40095052441            
-9.48388289883            -1.53071513966            -2.77720656819            
-8.61992918163            -4.9083405076             -1.26689161539            
-6.00042429325            -7.72272067767            -2.08674235009            
-7.54040399355            -6.31370440007            -1.81092362142            
-9.33590075966            -3.16519469095            -1.68002963494            
-6.40762124527            -6.60142271206            -3.919643881              
-7.4689514424             -2.45825864497            -6.17832734529            
-8.15678943029            -4.85001257767            -3.1534368848             
-4.19738793099            -8.82420653               -2.12492674524            
-1.82768180635            -6.44435648408            -7.42494772513            
-4.57429540174            -2.12988260108            -8.63362158559            
-9.82477243096            -1.34233773237            -1.29304914529            
-6.23620054534            -3.93660101517            -6.75373786919            
-5.05769163448            -7.05319316844            -4.967113997              
-2.33552927527            -8.42011673931            -4.86281164562            
-1.27330940855            -1.33846907368            -9.82787788329            
-1.24171032579            -9.75916452852            -1.79356158858            
-2.57341547623            -9.15223760351            -3.10065793592            
4.04119325536             -7.35773716986            -5.43437768397            
4.91311469089             -7.78574248637            -3.90429481086            
3.34580036231             -3.49789964295            -8.75044673279            
7.73641966322             -5.26411935538            -3.52659300272            
2.63990238497             -9.46914920501            -1.83470126482            
2.83160247191             -1.67049062352            -9.4441245501             
9.39112337952             -1.8827379968             -2.87438677043            
8.24702988285             -3.37389112337            -4.53909206769            
3.04810270678             -8.71080762328            -3.8510908116             
6.00691247875             -6.42725432679            -4.75472441803            
6.43282718483             -7.17046827043            -2.68386273736            
1.88677631438             -7.82039683717            -5.93982057377            
6.65080846829             -4.68855286653            -5.81241935306            
8.80268683929             -3.77833297544            -2.87000075543            
4.9485441741              -5.71710955051            -6.54420116931            
9.42956080381             -3.00720067626            -1.42833019287            
4.52833491131             -1.94313555226            -8.70163244205            
8.70265615878             -4.63191512532            -1.67604834473            
1.43156326016             -9.50021134639            -2.77427666359            
1.44076503395             -2.91123681346            -9.45774266582            
1.95151381602             -4.98769943645            -8.44478822455            
5.30126773258             -3.820042247              -7.56992983182            
8.48973036194             -1.66702248442            -5.01453032875            
4.78926853715             -8.55120179066            -1.98490675208            
1.3127634749              -8.88382803694            -4.39934670935            
3.81147074799             -4.97738129289            -7.79091562028            
7.4762783403              -1.44349417849            -6.48240593723            
7.17743840824             -2.97202069052            -6.29694139333            
1.27534771641             -9.83102472053            -1.31317978453            
1.25697510638             -1.31948675979            -9.83254637785            
9.82373535506             -1.37978137               -1.26112134415            
3.14966091732             -6.43432851997            -6.97703752341            
1.43446116309             -6.47640654858            -7.48321317277            
6.31365602344             -1.75109641988            -7.55456212801            
6.04998349924             -7.87147690116            -1.19897917138            
7.79072047638             -6.05442488187            -1.62745623865            
2.22044604925e-16         0.0                       8.881784197e-16           
-0.149121282025           0.492457016787            5.0                       
0.149149809218            -0.492457016787           -5.0                      
-1.08118595836            -4.88289453249            0.447778793132            
-4.8863223476             -0.459832992137           -1.06395316808            
-0.459832992138           4.8863223476              -1.06395316809            
4.88635258707             0.459884820319            1.06380114401             
2.73395573331             -3.39222659989            2.94254308969             
-4.36358676959            0.275911001098            3.36925783711             
2.98643994737             -3.43543401321            -2.09902985112            
3.21101332187             2.74339882953             -3.21051127774            
2.17941718925             3.95947590075             2.76103955834             
-2.25246974672            4.15678641516             2.93152546221             
-3.03446105921            2.51246152133             -3.90861613774            
-3.01829925603            -3.69263982065            -3.20920864255            
-2.09752994286            -3.23457845868            4.2547012945              
-5.28043621259            3.01453561423             0.714382503214            
-5.0472450936             -3.18091643809            1.71509492888             
5.04721361608             -0.594207886115           -3.64079517865            
3.75194853857             -0.0666341200269          4.80605304951             
3.0137763049              5.70245022994             -0.327656639261           
6.03512576013             -2.44633561379            -0.597764670574           
0.399462585093            -4.21316289933            -4.68861569491            
0.419894223101            3.1320127024              -5.57738470336            
-3.47625280277            -0.799317175105           -5.40477529156            
-2.90738003637            2.27648886768             5.61585184791             
0.0327375927247           6.42729726833             1.90490417187             
2.37130101904             -5.95587209105            0.419058318623            
0.0810030280224           3.83860081298             5.40615698939             
5.62224548475             3.38505289968             -0.73734942702            
0.959586993299            -2.71204696777            5.88797051185             
-3.64819991093            5.64029001912             -0.505254247331           
0.268497874019            -6.5662520467             -1.9865586777             
0.515415608274            -5.91140095538            3.23061615572             
5.06692597795             2.68981613459             3.6313323315              
-5.69612326079            -3.55962579013            -1.41963627721            
5.79195345246             -2.2516530263             2.6631104633              
2.9358077959              -2.24237781607            -5.66426674931            
1.92228358263             5.68959800173             -3.35594724297            
-2.37814175411            2.21037794988             -0.672611553215           
2.37961705618             2.2741534805              -0.0598724303505          
-0.207110476334           -2.70469257203            -1.84151092847            
2.88674891804             1.01642751273             -5.97271755363            
-2.34853686321            -1.4678580323             1.60017767419             
-3.1725746923             -0.864996979743           6.09922714543             
-2.44749224324            5.51072217836             -3.36396945503            
-2.94691859864            -5.8157647136             2.73279314775             
2.08594234073             -0.175638762713           -2.44695346924            
-6.74964804916            0.315256654081            1.33559985027             
6.81822250345             0.442325146138            -1.3393455341             
-1.9825944825             -0.207487627345           -2.67720400746            
-1.49433754737            1.20576746179             -6.83851426132            
2.89236832016             2.70001911163             5.77840092249             
-5.95250163082            2.32899292085             -2.42201223542            
1.78786809558             0.904286870247            2.63754135844             
-4.95624340602            3.17061418091             3.66168660669             
0.0807129193566           2.21922583414             -2.60531856203            
-1.67555396611            1.26251229437             2.566984905               
-5.83119730308            -1.58712394837            -3.69543236579            
-3.63796335882            -5.91249421396            -1.0682379075             
2.64504654283             -1.59928161621            0.395430656519            
1.57662578889             0.69138451045             7.15436812086             
5.11351531243             -4.80120650835            1.11941625468             
0.228598857246            -1.76901173246            3.08310563563             
-1.35676482229            -2.59857898049            -6.46981152477            
4.76990527749             5.07100952556             1.93923406609             
-5.05588851654            -2.29994216154            4.45798250102             
0.791216059134            7.25229634036             -0.574359031043           
-0.239100067083           -7.42212194242            0.731015205998            
-0.133225130037           3.26307651359             1.25268603817             
0.225321174586            -0.743956656982           -7.55351869933            
-3.10007335101            -3.18665991106            -0.465970802496           
-1.4775610775             0.789441402273            7.25867139325             
-7.37278311385            -0.693824246223           -1.60535785271            
7.37283266358             0.693902816941            1.60512932343             
5.96511696691             2.09322970634             -3.4919589839             
4.58810580399             -2.66851039927            5.09857068277             
-7.13111121077            -2.35304333823            0.381785610355            
3.08441610543             -6.27570154534            -2.32243881636            
-1.76343824783            7.36041568686             -0.733639686855           
-2.65392656858            6.75881323126             1.75543886993             
6.67892963342             3.21099364856             1.644225294               
1.54183661681             6.15939095316             4.02486640174             
4.51362659232             5.12532700625             -2.57667828435            
-1.52911100059            -2.87378340642            6.80308130663             
-4.8537090299             4.42319820918             -3.62526753983            
3.10022970555             -4.82729926494            -4.68320491135            
5.59837216242             -3.37837372423            -3.26877651926            
-0.367179864215           6.90714103097             -2.83248764153            
-5.4832442499             1.38270951232             5.21793326429             
-5.31759328448            1.25377822685             -4.92697414833            
-0.972359939473           -5.32453426684            5.24450369362             
3.0574404602              -6.29513399523            2.89599703013             
3.70366019737             4.36792519992             -5.08726229806            
-3.66154135616            0.641097690286            0.917393087708            
4.23426802054             0.993520396554            -1.44244823101            
2.22587517905             -4.9530092653             5.08259787672             
0.000391363262956         -1.12423340917            7.52056218845             
-7.3867608147             2.24074939575             -0.279966560082           
-2.12818355314            3.69194072909             -6.11937750599            
2.86472037436             6.69752959679             1.96660701578             
0.881907209721            -3.343159116              1.13558331087             
-6.73321753115            -0.0537331042383          3.7261583043              
6.22793189314             0.33536233269             3.96361388278             
-1.04410691507            6.04851178147             4.23762626438             
-4.46957616548            -3.09735195187            -5.17398519298            
0.705973407173            1.74087613937             -7.55109242531            
2.96041336961             -1.44456291056            6.8636041979              
-1.59715753847            -5.94334720111            -3.91332431016            
-4.83181426166            5.33880632869             1.79017283902             
-3.11918410771            4.71670062947             5.19287581545             
-4.84935489687            -5.60842607887            1.10882446472             
-2.64438859042            -7.16458267469            0.747552972194            
2.0947689327              4.84117323259             5.8075963364              
3.95443624692             4.7826520274              4.22416408085             
-1.98688453491            -0.765395660279           3.93766941113             
-0.451648381009           5.52111157622             -5.03177361984            
4.33192331585             2.78287306082             1.34372738761             
1.01888602037             -3.0282059365             -7.02054375028            
-4.93162601004            -4.67053619003            3.70683800741             
1.41526251095             -2.18195984951            -3.72001527359            
3.65818854577             -1.04667255518            2.55964025901             
1.75531373793             4.0543183177              -1.57794875334            
5.2801266707              -5.19974742839            -1.44295111764            
-1.1854151456             -2.30722817               -4.04754249605            
4.79331433847             -4.64294423395            3.58810579872             
5.24167634177             0.945842768576            -5.48025511552            
-5.18529121471            -4.57110234774            -3.48328169005            
-6.87043427201            2.45033058772             2.41476955383             
0.180053693867            2.45237293891             3.47099645912             
-1.33364594531            3.12252285232             7.12862426347             
-5.797182578              4.57838594643             -1.29097874471            
-1.96807144762            4.55263938795             0.664914031056            
-1.85192295666            -7.36612539925            -1.43647033631            
-3.32358939145            3.8779467393              -1.97348876022            
-6.87945951833            -2.12567569474            2.68178897741             
-1.01450666159            1.50082055563             -4.55675536469            
7.47893335435             -1.62917131464            1.10643328123             
1.13198935574             2.91792249772             7.19632815141             
4.12385172436             -1.39360328263            -1.58205500867            
7.57506922299             2.29787212688             -0.262817941452           
-2.64293798043            -3.75698663272            1.7268788597              
-3.68572702076            -3.47102791003            6.00555006862             
2.50903222467             -0.765281864451           -7.363646765              
-4.14053409341            0.660308629772            -2.98598365905            
0.844795723465            -4.57437903778            -0.871078810745           
-2.67158559567            -0.797880808724           -0.570079545211           
1.08305716006             4.99840207837             0.547096737522            
2.61202541122             7.26416969415             -1.90035780408            
-2.55151228026            -4.49646913903            -5.5876503682             
-1.37611666067            -4.75293075747            -1.88893458784            
6.92573744949             -1.55326405097            -2.58885696547            
1.6298651305              -0.901749946756           4.66571750422             
-3.78229702095            -1.60689132359            -2.69582074148            
-3.14764649014            2.77981701312             1.39300906687             
1.75704189876             -7.73147600126            -0.767470090972           
1.45464005698             1.22382412972             -4.1725258946             
-4.98125937834            -0.97238236539            1.65283801437             
-5.34662032914            -0.689138960311           5.91171839992             
-3.69417070278            1.96845861876             -6.4777342748             
3.81187621666             0.922675149479            6.84626040254             
-1.04389604076            -2.65909892324            0.231928300369            
1.47358899288             -6.58239675353            -3.99491819824            
1.6963532893              -7.56262383559            1.7426898897              
-0.544587530714           8.01147352897             0.76251869741             
-1.22062758391            -7.2572854981             2.7478748885              
-0.611471011432           -4.00513733925            2.71658080827             
2.46768493196             3.18129364384             -6.6178657227             
3.07386980276             -3.81137458878            0.729488083414            
6.99840830515             -3.73698578997            1.55970786202             
-1.11705695014            3.72543371346             -3.81110987544            
1.6539443261              5.07627645914             -5.70557524497            
4.97595751155             -1.27710077137            -5.79476359455            
0.113670195089            4.55031132534             2.96766752405             
-4.71393151577            3.2071010994              5.6800376268              
-6.98546892114            0.400310061673            -3.59177177317            
