         148          16          57          21
          82          18          84          14
         123           6         115          23
          52          33          46          -1
         192          55          32          27
          11          61           3          31
          15          90          20          39
          25          17          95          -1
         170          44          50          29
          94          36         154          48
          33          61           6          46
          30          86          40          75
         202          66          72          60
           2         130          18          -1
          70           7         216         110
          23          56           1         100
          35         182          77           8
          24          20           2          14
         226         127          38         117
          24           7          18          39
           1          91         111         176
          44          54          85          51
          16           3         102          31
          20          18         219         134
          93          63          35           8
         179          80          68          79
           5          38         103          99
          69         124          37          -1
           9          88          48         104
          12          40          49          87
         208           6          23          -1
           5         121         194          99
          42         171          11           4
          59          45         144          -1
         260          25         177          17
          10         138          62          96
          81          28          54          51
          19          83          27         173
          20         218           7          -1
          30          12         156          -1
          43         164          64          -1
          64          33         245          43
          78          41          42          52
          22          85           9         106
          67         126         161          34
           4          11         189          -1
          56         213          57          -1
          10          29         271         113
         234          30         132          91
           9         137          76          88
         175          37          22          -1
           4         174          43          -1
          66          65          74          92
         258         129          22          37
         115         121           5         212
         251          47          16          -1
           1          47         125         176
          68         158         150          77
          67          34         108         135
          62         184          13         120
          11         246           6          -1
          60          36         184          96
          25          93         183          -1
         146         153          42          41
         252          74          53         131
          53         169          13          92
         287         118          45          59
          26         163          58         151
          81         155          28          -1
          15         161          90         181
          82          78         139          -1
         168          13         169         120
          76         137         199          -1
         152          53          65         133
          12         227          86          -1
          50          73          98         228
          58          17         196         105
          82         159          43          71
          81          26         109         119
         190         157          26         119
          79          69          37         180
           2          84          78          71
          38         140         103          -1
          82           2         244          -1
          44          22         232          -1
         107         167          12          75
          91         221          30          -1
          29          50         220          -1
         291         194         147          98
           7          70         217          -1
          49         204          21          87
          53          66         197          -1
          25         125          63         112
         108         138          10         271
         206           8         105          -1
         198          36          62          -1
         281         149         253         107
          76         199          89         142
          32         193          27          -1
         208          16         111          -1
         276         162         146         145
         251          23         143          -1
         223          27          83          -1
         106          29         113          -1
         186          95          77          -1
         279          44         104          -1
          86          97         167         141
          59         122          94         135
         172          79         151          -1
         131         136          15         218
         100          21         204          -1
         188         125          93          -1
         198         104          48          -1
         122         307         138          -1
           3         312          55         143
         126         118         270          -1
          19         173         129         209
          67         145         116         205
         166          80          79          -1
         185          60          72          -1
          32          55         225          -1
         108         250         114          -1
         192         245           3         148
          28         233         129          -1
          57         200          93         112
          45         116         254          -1
          19         177         140         282
         134         132         191         160
         117         272          54         124
          14         222         134          -1
         110          65         165         249
          49         156         128         160
         152          74         249          -1
         128         191          24         130
         210          59         108          -1
         165         181         110          -1
          50         275          73          -1
          94         114          36          -1
          71         211         222          -1
          83         127         239          -1
         107         248         149          -1
          98         147         247          -1
         102         115         241          -1
         250          34         201          -1
         101         270         118         187
         101         178          64         319
          89         269         162         142
           1         260         123         234
          97         158         284         141
          58         281         179         260
         109          68         196          -1
         253         236          74         133
          64         178         238          -1
          10         202         287         170
          69         172         297          -1
          40         273         132          -1
          80         266         163          -1
          58         215         149         186
         309         164          78          -1
         243         132         128          -1
          45         267          70         201
         147         224         101         187
          68         157         215          -1
         319          41         159          -1
         136         131         262          -1
         119         214         230          -1
          86         107         277          -1
          72         315         190         185
         329          72          66          -1
         291         258           9         154
         238         246          33          -1
         109         314         155          -1
         117          38         195          -1
         189         211          52          -1
         279         180          51          -1
          57         235          21          -1
          35         203         127         242
         224         153         146          -1
          26         150         202         258
         214          81         175          -1
         259          70         136          -1
         242         229          17          -1
         317         203          63          -1
          60          62         285          -1
         120         168         255          -1
         158         256         105          -1
         257         162         145          -1
         112         206         261          -1
         174          46         280          -1
          80         168         207         230
         134         128         293          -1
           5         291         123         226
         240         195          99          -1
          32         268          89         278
         305         173         193          -1
         151          77         229          -1
          92         285         262          -1
         298         113          96          -1
          98          73         294          -1
         213         317         125          -1
         144         161         259          -1
         252          13         179         154
         183         239         177          -1
         231         111          91          -1
         210         289         118          -1
          95         290         188          -1
         266         190         315          -1
         100         280          31          -1
         117         233         282          -1
         283         205         135          -1
         299         139         174          -1
         241          55         223          -1
         296         200          47          -1
         166         180         301          -1
         158         163         331          -1
          15         219         287         252
          90         267         244          -1
         237         110          39          -1
          24         245         216         234
         228         265          88          -1
          87         235         227          -1
         130         139         286          -1
         212         103         323          -1
         325         178         162          -1
         121         312         292          -1
         192         260          19         258
          75         221         263          -1
         264         220          76          -1
         196         182         314          -1
         166         288         190          -1
         204         243         310          -1
         275          85         272          -1
         124         297         209          -1
         219         281          49         148
         176         261         221          -1
         274         329         152          -1
         304         218         293          -1
         171         153         332          -1
         323         140         203          -1
         193         278         311          -1
         326         143         212          -1
         177         324         182          -1
         160         286         231          -1
         309          84         217          -1
          42         123         276         219
         171         322          61          -1
         142         257         264          -1
         141         263         256          -1
         304         133         131          -1
         144         300         122          -1
         102         296          56          -1
         202         281          65         216
          97         295         152         321
         267         126         320          -1
         298         185         288          -1
         248         290         186          -1
         187         289         247          -1
         226          54         170         179
         201         181         318          -1
         226         148          35         150
         188         302         235          -1
         165         197         318          -1
         248         227         302          -1
         247         303         228          -1
         283         271         220          -1
         207         334         157          -1
         161         254         217          -1
         292         269         194          -1
         268         325         147          -1
         145         328         116          -1
          94          48         265          -1
         305         232         129          -1
         277         306         156          -1
         295         335         236          -1
         137         232         316          -1
         245         291         101         287
         273         167         321          -1
         194         294         240          -1
         308         175         106          -1
         310         189         208          -1
         252         150          97         234
         209         324         127          -1
         210         265         303          -1
         295         149         331          -1
         184         307         197          -1
         243         222         299          -1
          67         216         276         154
         301         255         230          -1
         205         303         257          -1
         256         302         206          -1
          89         276         192         170
         225         336         268          -1
         306         237         191          -1
         199         316         278          -1
         253         284         274          -1
         213         251         326          -1
         233         155         327          -1
         198         255         308          -1
         310         286         211          -1
         250         318         307          -1
         308         288         214          -1
         290         263         261          -1
         289         283         264          -1
         249         237         313          -1
         311         272         195          -1
         313         293         273          -1
         114         300         285          -1
         298         301         279          -1
         320         159         244          -1
         280         231         299          -1
         305         240         316          -1
         322         225         115          -1
         304         306         321          -1
         229         327         172          -1
         333         207         168          -1
         275         311         294          -1
         330         183         200          -1
         259         262         300          -1
         146         164         328          -1
         328         309         254          -1
         313         277         253          -1
         336         312         246          -1
         223         239         330          -1
         282         327         242          -1
         332         224         269          -1
         330         296         241          -1
         297         314         324          -1
         319         320         270          -1
         333         169         236          -1
         326         323         317          -1
         284         215         334          -1
         336         238         325          -1
         335         315         329          -1
         335         331         266          -1
         274         334         333          -1
         322         332         292          -1
