17                        117                       118                       124                       
46                        20                        118                       123                       
109                       124                       118                       125                       
110                       112                       31                        118                       
40                        120                       124                       125                       
109                       118                       107                       125                       
46                        121                       44                        123                       
15                        16                        101                       117                       
89                        116                       115                       120                       
115                       116                       11                        122                       
107                       118                       110                       125                       
76                        70                        117                       121                       
59                        115                       122                       126                       
21                        46                        20                        118                       
121                       122                       44                        123                       
17                        118                       106                       124                       
15                        117                       101                       119                       
46                        118                       21                        123                       
96                        120                       119                       124                       
46                        21                        121                       123                       
77                        17                        117                       118                       
90                        88                        115                       120                       
109                       106                       118                       124                       
118                       121                       21                        123                       
101                       117                       16                        124                       
64                        119                       115                       126                       
105                       40                        120                       124                       
90                        92                        26                        119                       
94                        115                       89                        116                       
72                        117                       70                        121                       
109                       106                       107                       118                       
7                         120                       40                        125                       
110                       118                       31                        125                       
49                        52                        10                        122                       
101                       119                       117                       124                       
61                        115                       11                        122                       
90                        115                       92                        119                       
105                       120                       96                        124                       
44                        46                        21                        121                       
76                        72                        70                        121                       
81                        31                        2                         123                       
118                       123                       31                        125                       
31                        118                       2                         123                       
89                        115                       88                        120                       
49                        122                       10                        123                       
107                       112                       110                       118                       
5                         17                        108                       124                       
94                        11                        115                       116                       
72                        118                       117                       121                       
87                        116                       89                        120                       
90                        88                        92                        115                       
2                         31                        112                       118                       
34                        56                        122                       126                       
90                        115                       119                       120                       
40                        124                       113                       125                       
17                        106                       108                       124                       
5                         117                       17                        124                       
117                       119                       62                        126                       
52                        116                       10                        122                       
59                        115                       57                        122                       
109                       107                       110                       125                       
61                        57                        115                       122                       
104                       101                       16                        124                       
31                        123                       81                        125                       
34                        122                       121                       126                       
59                        122                       56                        126                       
10                        122                       116                       123                       
62                        119                       64                        126                       
26                        92                        3                         119                       
47                        44                        122                       123                       
2                         20                        51                        118                       
59                        54                        115                       126                       
93                        42                        87                        120                       
34                        121                       56                        126                       
36                        76                        70                        117                       
42                        116                       87                        120                       
15                        62                        117                       119                       
2                         118                       51                        123                       
64                        3                         115                       119                       
64                        115                       25                        126                       
92                        115                       3                         119                       
51                        118                       20                        123                       
102                       105                       96                        124                       
46                        51                        20                        123                       
90                        89                        88                        120                       
76                        117                       36                        121                       
70                        72                        77                        117                       
87                        94                        89                        116                       
41                        116                       120                       125                       
47                        46                        44                        123                       
77                        117                       72                        118                       
59                        34                        56                        122                       
104                       16                        117                       124                       
11                        116                       4                         122                       
15                        63                        16                        117                       
61                        57                        11                        115                       
35                        121                       117                       126                       
41                        116                       42                        120                       
105                       40                        7                         120                       
17                        18                        106                       118                       
79                        123                       116                       125                       
109                       111                       106                       124                       
105                       102                       40                        124                       
94                        12                        89                        115                       
15                        62                        63                        117                       
89                        12                        88                        115                       
35                        36                        117                       121                       
4                         116                       52                        122                       
64                        14                        3                         119                       
44                        121                       53                        122                       
77                        18                        17                        118                       
104                       16                        5                         117                       
94                        11                        12                        115                       
61                        4                         32                        122                       
113                       124                       109                       125                       
80                        9                         10                        123                       
27                        119                       96                        120                       
80                        10                        116                       123                       
64                        3                         25                        115                       
59                        54                        57                        115                       
113                       7                         40                        125                       
32                        4                         52                        122                       
118                       124                       114                       125                       
27                        90                        26                        119                       
104                       117                       5                         124                       
9                         49                        10                        123                       
99                        96                        119                       124                       
74                        73                        118                       121                       
90                        119                       27                        120                       
73                        21                        20                        118                       
34                        53                        121                       122                       
74                        118                       72                        121                       
34                        6                         56                        121                       
21                        118                       73                        121                       
52                        4                         10                        116                       
44                        53                        50                        122                       
93                        87                        89                        120                       
61                        11                        4                         122                       
75                        20                        2                         118                       
99                        102                       96                        124                       
65                        35                        36                        117                       
82                        42                        41                        116                       
113                       111                       109                       124                       
49                        45                        52                        122                       
80                        116                       79                        123                       
81                        123                       79                        125                       
82                        116                       41                        125                       
114                       118                       117                       124                       
65                        35                        117                       126                       
114                       119                       117                       126                       
62                        14                        64                        119                       
56                        121                       6                         126                       
84                        31                        81                        125                       
114                       116                       115                       122                       
103                       26                        3                         119                       
74                        72                        76                        121                       
67                        64                        25                        126                       
65                        117                       62                        126                       
2                         51                        8                         123                       
74                        73                        72                        118                       
47                        122                       49                        123                       
79                        116                       82                        125                       
67                        62                        64                        126                       
2                         8                         81                        123                       
34                        50                        53                        122                       
60                        25                        3                         115                       
35                        76                        36                        121                       
55                        115                       54                        126                       
59                        56                        54                        126                       
115                       116                       114                       120                       
110                       31                        30                        125                       
103                       3                         14                        119                       
105                       27                        96                        120                       
2                         112                       19                        118                       
92                        88                        13                        115                       
77                        17                        5                         117                       
99                        119                       101                       124                       
81                        79                        84                        125                       
114                       115                       119                       126                       
92                        13                        3                         115                       
44                        50                        47                        122                       
15                        101                       100                       119                       
101                       104                       97                        124                       
61                        59                        57                        122                       
55                        57                        54                        115                       
63                        62                        65                        117                       
79                        80                        82                        116                       
68                        5                         16                        117                       
107                       19                        112                       118                       
55                        25                        115                       126                       
74                        21                        73                        121                       
114                       124                       120                       125                       
105                       7                         28                        120                       
41                        120                       7                         125                       
105                       28                        27                        120                       
15                        14                        62                        119                       
33                        34                        59                        122                       
11                        57                        12                        115                       
93                        41                        42                        120                       
104                       5                         38                        124                       
47                        45                        49                        122                       
115                       114                       122                       126                       
99                        101                       97                        124                       
77                        72                        18                        118                       
80                        10                        85                        116                       
68                        16                        63                        117                       
55                        24                        25                        126                       
107                       106                       18                        118                       
98                        96                        27                        119                       
10                        4                         85                        116                       
2                         19                        75                        118                       
40                        39                        113                       124                       
5                         108                       38                        124                       
13                        60                        3                         115                       
67                        65                        62                        126                       
114                       122                       121                       123                       
48                        46                        47                        123                       
44                        21                        53                        121                       
114                       121                       118                       123                       
94                        87                        43                        116                       
37                        70                        77                        117                       
75                        73                        20                        118                       
102                       39                        40                        124                       
79                        82                        84                        125                       
29                        7                         113                       125                       
119                       120                       114                       124                       
37                        36                        70                        117                       
87                        42                        43                        116                       
100                       14                        15                        119                       
55                        25                        60                        115                       
71                        18                        72                        118                       
90                        91                        89                        120                       
98                        27                        26                        119                       
117                       118                       114                       121                       
37                        77                        5                         117                       
56                        6                         23                        126                       
21                        22                        53                        121                       
84                        30                        31                        125                       
99                        97                        102                       124                       
95                        28                        7                         120                       
113                       39                        111                       124                       
100                       101                       99                        119                       
71                        72                        73                        118                       
46                        48                        51                        123                       
114                       123                       118                       125                       
109                       110                       30                        125                       
83                        42                        82                        116                       
66                        65                        36                        117                       
34                        53                        6                         121                       
32                        52                        45                        122                       
108                       106                       111                       124                       
121                       122                       114                       126                       
6                         121                       35                        126                       
9                         48                        49                        123                       
55                        58                        57                        115                       
63                        65                        66                        117                       
83                        82                        80                        116                       
115                       114                       119                       120                       
50                        45                        47                        122                       
117                       119                       114                       124                       
37                        5                         68                        117                       
33                        50                        34                        122                       
37                        66                        36                        117                       
43                        42                        83                        116                       
94                        43                        4                         116                       
67                        25                        24                        126                       
48                        47                        49                        123                       
41                        7                         86                        125                       
82                        41                        86                        125                       
9                         80                        79                        123                       
94                        4                         11                        116                       
90                        27                        91                        120                       
74                        76                        78                        121                       
23                        6                         69                        126                       
91                        93                        89                        120                       
116                       123                       114                       125                       
35                        78                        76                        121                       
95                        7                         41                        120                       
88                        12                        13                        115                       
107                       18                        19                        118                       
117                       121                       114                       126                       
99                        96                        98                        119                       
43                        85                        4                         116                       
65                        69                        35                        126                       
33                        59                        61                        122                       
75                        71                        73                        118                       
114                       116                       122                       123                       
55                        60                        58                        115                       
83                        80                        85                        116                       
68                        63                        66                        117                       
114                       120                       116                       125                       
86                        7                         29                        125                       
21                        74                        22                        121                       
95                        41                        93                        120                       
69                        6                         35                        126                       
111                       38                        108                       124                       
103                       98                        26                        119                       
58                        12                        57                        115                       
75                        19                        71                        118                       
33                        32                        45                        122                       
60                        13                        58                        115                       
37                        68                        66                        117                       
43                        83                        85                        116                       
22                        6                         53                        121                       
27                        28                        91                        120                       
74                        78                        22                        121                       
33                        61                        32                        122                       
13                        12                        58                        115                       
51                        48                        8                         123                       
71                        19                        18                        118                       
95                        91                        28                        120                       
113                       109                       29                        125                       
78                        6                         22                        121                       
103                       14                        100                       119                       
55                        54                        24                        126                       
95                        93                        91                        120                       
104                       38                        97                        124                       
33                        45                        50                        122                       
8                         79                        81                        123                       
48                        9                         8                         123                       
35                        6                         78                        121                       
109                       30                        29                        125                       
97                        39                        102                       124                       
100                       99                        98                        119                       
82                        86                        84                        125                       
111                       39                        38                        124                       
100                       98                        103                       119                       
9                         79                        8                         123                       
56                        23                        54                        126                       
97                        38                        39                        124                       
67                        69                        65                        126                       
84                        86                        30                        125                       
54                        23                        24                        126                       
67                        24                        69                        126                       
24                        23                        69                        126                       
86                        29                        30                        125                       
