0.0                       0.0                       0.0                       
0.1                       0.0                       0.0                       
-0.1                      0.0                       0.0                       
0.0                       0.1                       0.0                       
0.0                       -0.1                      0.0                       
0.0                       0.0                       0.1                       
0.0                       0.0                       -0.1                      
0.0923879532512           0.0382683432364           0.0                       
0.0707106781188           0.0707106781185           0.0                       
0.0382683432366           0.0923879532511           0.0                       
-0.0382683432364          0.0923879532512           0.0                       
-0.0707106781185          0.0707106781188           0.0                       
-0.0923879532511          0.0382683432366           0.0                       
-0.0923879532512          -0.0382683432364          0.0                       
-0.0707106781188          -0.0707106781185          0.0                       
-0.0382683432366          -0.0923879532511          0.0                       
0.0382683432364           -0.0923879532512          0.0                       
0.0707106781185           -0.0707106781188          0.0                       
0.0923879532511           -0.0382683432366          0.0                       
0.0923879532512           0.0                       0.0382683432364           
0.0707106781188           0.0                       0.0707106781185           
0.0382683432366           0.0                       0.0923879532511           
-0.0382683432364          0.0                       0.0923879532512           
-0.0707106781185          0.0                       0.0707106781188           
-0.0923879532511          0.0                       0.0382683432366           
-0.0923879532512          0.0                       -0.0382683432364          
-0.0707106781188          0.0                       -0.0707106781185          
-0.0382683432366          0.0                       -0.0923879532511          
0.0382683432364           0.0                       -0.0923879532512          
0.0707106781185           0.0                       -0.0707106781188          
0.0923879532511           0.0                       -0.0382683432366          
0.0                       0.0923879532512           0.0382683432364           
0.0                       0.0707106781188           0.0707106781185           
0.0                       0.0382683432366           0.0923879532511           
0.0                       -0.0382683432364          0.0923879532512           
0.0                       -0.0707106781185          0.0707106781188           
0.0                       -0.0923879532511          0.0382683432366           
0.0                       -0.0923879532512          -0.0382683432364          
0.0                       -0.0707106781188          -0.0707106781185          
0.0                       -0.0382683432366          -0.0923879532511          
0.0                       0.0382683432364           -0.0923879532512          
0.0                       0.0707106781185           -0.0707106781188          
0.0                       0.0923879532511           -0.0382683432366          
0.0581642715197           0.0368486664239           0.0725196063238           
0.03041928065             0.0821661509248           0.0482015664366           
0.0815692237625           0.0318726990198           0.0482762135216           
0.0617116250152           0.0646466738085           0.0448607055615           
0.0802260183772           0.0543753953647           0.0246394471179           
0.0534956360396           0.0808018017215           0.0246837145354           
0.0311384954436           0.0561010286999           0.0767011647911           
0.0936957333076           0.0260680855178           0.0232715379248           
0.0255841011806           0.093829450164            0.0232698957605           
0.0359111988433           0.0237085785498           0.0902678741347           
-0.0524572832378          0.0330095248572           0.0784767781195           
-0.080556662793           0.0328995944668           0.0492771829914           
-0.0239699132733          0.0271241480938           0.0932186882973           
-0.0586513937603          0.0701116680979           0.0405508077171           
-0.0836050931188          0.0491062524714           0.0244696622948           
-0.0288203947586          0.0616943421714           0.0732338240842           
-0.0939374750644          0.0250713487183           0.0233918415685           
-0.0229329616636          0.0884876694774           0.0405464131558           
-0.0784767781195          -0.0524572832378          0.0330095248572           
-0.0492771829914          -0.080556662793           0.0328995944668           
-0.0932186882973          -0.0239699132733          0.0271241480938           
-0.0405508077171          -0.0586513937603          0.0701116680979           
-0.0244696622948          -0.0836050931188          0.0491062524714           
-0.0732338240842          -0.0288203947586          0.0616943421714           
-0.0233918415685          -0.0939374750644          0.0250713487183           
-0.0405464131558          -0.0229329616636          0.0884876694774           
0.0247845358081           -0.0800400425686          0.0545831326546           
0.0829001596564           -0.0493772031917          0.0262574814845           
0.0581704065444           -0.0648265995609          0.049129581637            
0.0816301418174           -0.0278692538208          0.0505947095885           
0.0546507102781           -0.0316625593693          0.077529234488            
0.0940002348281           -0.024157178853           0.0240912133801           
0.029980511813            -0.0550672836687          0.0779022668527           
0.0350066414502           -0.0900726604422          0.0257186876655           
0.0257425306535           -0.0261781682345          0.0930162653703           
0.0784767781195           0.0524572832378           -0.0330095248572          
0.0492771829914           0.080556662793            -0.0328995944668          
0.0932186882973           0.0239699132733           -0.0271241480938          
0.0405508077171           0.0586513937603           -0.0701116680979          
0.0244696622948           0.0836050931188           -0.0491062524714          
0.0732338240842           0.0288203947586           -0.0616943421714          
0.0233918415685           0.0939374750644           -0.0250713487183          
0.0405464131558           0.0229329616636           -0.0884876694774          
-0.0247845358081          0.0800400425686           -0.0545831326546          
-0.0829001596564          0.0493772031917           -0.0262574814845          
-0.0581704065444          0.0648265995609           -0.049129581637           
-0.0816301418174          0.0278692538208           -0.0505947095885          
-0.0546507102781          0.0316625593693           -0.077529234488           
-0.0940002348281          0.024157178853            -0.0240912133801          
-0.029980511813           0.0550672836687           -0.0779022668527          
-0.0350066414502          0.0900726604422           -0.0257186876655          
-0.0257425306535          0.0261781682345           -0.0930162653703          
-0.0581642715197          -0.0368486664239          -0.0725196063238          
-0.03041928065            -0.0821661509248          -0.0482015664366          
-0.0815692237625          -0.0318726990198          -0.0482762135216          
-0.0617116250152          -0.0646466738085          -0.0448607055615          
-0.0802260183772          -0.0543753953647          -0.0246394471179          
-0.0534956360396          -0.0808018017215          -0.0246837145354          
-0.0311384954436          -0.0561010286999          -0.0767011647911          
-0.0936957333076          -0.0260680855178          -0.0232715379248          
-0.0255841011806          -0.093829450164           -0.0232698957605          
-0.0359111988433          -0.0237085785498          -0.0902678741347          
0.0524572832378           -0.0784767781195          -0.0330095248571          
0.080556662793            -0.0492771829915          -0.0328995944667          
0.0239699132732           -0.0932186882973          -0.0271241480937          
0.0586513937603           -0.0405508077171          -0.0701116680979          
0.0836050931188           -0.0244696622948          -0.0491062524713          
0.0288203947586           -0.0732338240843          -0.0616943421713          
0.0939374750644           -0.0233918415685          -0.0250713487183          
0.0229329616636           -0.040546413156           -0.0884876694773          
2.63677968348e-16         -4.16333634234e-17        5.55111512313e-17         
-0.0460642298477          0.019447408049            0.00792027459284          
0.00792027459284          0.0460642298477           -0.019447408049           
-0.00792027459284         -0.0460642298477          0.019447408049            
0.0460262711355           -0.0195390484869          0.00836451916755          
-0.0463255265418          -0.0211955907477          -0.0175461075613          
-0.0212657142582          0.0133652076942           -0.0444276969187          
0.0164624391961           -0.00674171921841         0.0473006444298           
0.00765328619563          0.0403614838226           0.0308838194435           
0.0456836376696           0.0282189595093           0.00410225009667          
-0.00525447214942         -0.0445895531523          -0.0297937868906          
0.0290619673366           0.00523800390123          -0.041648710782           
-0.0306875752016          -0.00403395018758         0.0459272018891           
